flux_list = [342116.01092185226, 3303413.8230211968, 16446170.76831905, 38540384.25308177, 76676420.67245902, 128397575.82048588, 163383841.02144498, 188032128.2839162, 209709058.79870653, 222817547.04015842, 231397146.5020066, 236879895.06999975, 240377633.42061776, 240102828.21749556, 240207441.71584302, 242311737.400332, 242466975.45810118, 239266492.1652165, 236012167.31356388, 234112458.3463153, 232315803.03923738, 230486116.59469134, 228286915.55386606, 226470781.5675577, 223402900.34007382, 219638777.2725546, 216293016.7440792, 211500303.47740474, 206744275.87123755, 202388213.20880648, 194714148.80128816, 186491553.63645998, 177695555.54650787, 169120143.4729226, 163038749.8826924, 157660709.24363747, 152858997.50144997, 147567784.00121564, 141494800.9698657, 135587161.29024366, 130968090.05460267, 126572711.4813484, 121667103.66006078, 117232006.96815938, 113448941.49968067, 109595246.1106673, 105537099.95096199, 102363216.30334504, 99220076.11485593, 96277029.69406447, 93245032.86180025, 90344654.17589432, 87656154.32812017, 85038994.1778225, 82461110.88282266, 80163423.86028197, 77707749.8746332, 75405681.6299669, 73327863.11640523, 71275699.80436443, 69343844.9581794, 67338349.88831636, 65356257.08078578, 63628850.7439964, 62012146.8325778, 60469981.16038764, 58987347.09399516, 57457622.25536975, 56015629.11840963, 54482974.76929881, 52832890.96610956, 51508573.54908488, 50508663.61177043, 49451097.11473297, 48317470.35987706, 47147611.566934615, 45941821.91891866, 44871204.46907048, 43982319.43174411, 43062347.008044645, 42095661.70707871, 41115662.85753147, 39808808.51742973, 38335231.38272152, 37063024.481850185, 36053032.056484975, 35208914.11475451, 34446428.59023483, 33774521.67798644, 33195819.187020235, 32725525.60066471, 32223831.528789457, 31678460.443317335, 31149068.697062198]
wave_list = [0.2, 0.25, 0.3, 0.35, 0.39999999999999997, 0.44999999999999996, 0.49999999999999994, 0.5499999999999999, 0.5999999999999999, 0.6499999999999999, 0.7, 0.7499999999999998, 0.7999999999999998, 0.8499999999999999, 0.8999999999999999, 0.9499999999999997, 0.9999999999999998, 1.0499999999999998, 1.0999999999999999, 1.1499999999999997, 1.1999999999999997, 1.2499999999999998, 1.2999999999999996, 1.3499999999999996, 1.3999999999999997, 1.4499999999999997, 1.4999999999999998, 1.5499999999999996, 1.5999999999999996, 1.6499999999999997, 1.6999999999999995, 1.7499999999999996, 1.7999999999999996, 1.8499999999999996, 1.8999999999999997, 1.9499999999999995, 1.9999999999999996, 2.05, 2.0999999999999996, 2.1499999999999995, 2.1999999999999997, 2.2499999999999996, 2.3, 2.3499999999999996, 2.3999999999999995, 2.4499999999999997, 2.4999999999999996, 2.55, 2.5999999999999996, 2.6499999999999995, 2.6999999999999997, 2.7499999999999996, 2.8, 2.8499999999999996, 2.8999999999999995, 2.9499999999999997, 2.9999999999999996, 3.0499999999999994, 3.0999999999999996, 3.1499999999999995, 3.1999999999999993, 3.2499999999999996, 3.2999999999999994, 3.3499999999999996, 3.3999999999999995, 3.4499999999999993, 3.4999999999999996, 3.5499999999999994, 3.5999999999999996, 3.6499999999999995, 3.6999999999999993, 3.7499999999999996, 3.7999999999999994, 3.849999999999999, 3.8999999999999995, 3.9499999999999993, 3.999999999999999, 4.049999999999999, 4.099999999999999, 4.1499999999999995, 4.199999999999999, 4.249999999999999, 4.299999999999999, 4.35, 4.3999999999999995, 4.449999999999999, 4.499999999999999, 4.549999999999999, 4.599999999999999, 4.6499999999999995, 4.699999999999999, 4.749999999999999, 4.799999999999999, 4.849999999999999]
